8
12
14
15
17
18
20
21
28
33
35
38
42
45
46
47
48
49
50
52
54
58
59
61
62
64
66
68
75
79
82
83
84
88
91
93
96
98
99
100
102
103
104
108
109
111
113
114
118
119
124
125
130
131
136
137
140
141
142
146
150
151
155
157
158
162
163
164
168
171
172
173
175
176
177
178
180
183
184
186
191
193
195
196
197
199
203
205
206
207
211
212
214
217
218
219
222
230
232
234
235
238
239
240
243
244
246
250
252
261
265
267
268
269
272
275
277
278
281
297
300
302
305
309
313
315
316
321
323
325
330
334
335
339
340
341
343
344
345
346
348
349
350
354
355
356
361
362
363
364
373
375
377
381
385
386
389
391
393
394
395
396
397
401
404
405
411
413
414
415
417
419
421
422
425
428
430
431
433
437
439
440
445
446
447
448
454
459
463
464
471
472
473
474
475
476
477
480
481
482
483
484
490
491
492
498
501
506
507
511
514
516
520
522
524
527
529
531
532
534
536
537
542
544
545
548
550
554
555
557
558
559
560
561
566
567
568
570
571
573
575
578
581
585
588
593
594
597
600
602
609
611
612
615
620
621
623
624
625
626
627
629
631
635
636
637
638
640
643
644
647
648
650
653
658
660
662
667
670
672
674
676
680
682
686
687
689
690
692
694
695
696
697
698
701
704
706
708
712
717
718
720
727
729
730
732
734
735
739
740
743
744
747
749
754
758
759
761
764
767
769
771
772
777
779
781
782
783
785
786
787
788
794
795
797
798
800
802
803
806
807
808
809
810
812
813
818
820
821
826
827
828
832
833
834
835
836
837
838
840
841
842
846
847
848
849
852
863
869
871
872
873
877
879
886
891
898
900
901
904
908
910
913
915
917
921
922
924
926
927
937
938
939
940
942
945
947
948
949
950
955
959
961
962
963
967
968
969
973
974
975
978
979
980
981
983
985
986
989
990
995
996
999
1005
1006
1007
1009
1011
1014
1016
1018
1019
1020
1023
1024
1027
1036
1038
1040
1042
1044
1047
1049
1050
1051
1053
1056
1058
1063
1064
1065
1068
1071
1074
1075
1077
1078
1080
1086
1088
1091
1093
1094
1095
1097
1099
1102
1103
1107
1108
1110
1111
1112
1113
1114
1117
1119
1120
1121
1122
1123
1125
1126
1127
1129
1132
1134
1136
1137
1140
1142
1143
1147
1148
1150
1159
1160
1161
1162
1163
1165
1166
1167
1174
1175
1177
1178
1179
1187
1191
1192
1193
1195
1197
1198
1199
1203
1204
1205
1208
1209
1210
1212
1213
1215
1217
1220
1223
1226
1227
1229
1233
1234
1236
1238
1239
1243
1244
1246
1254
1257
1258
1259
1266
1267
1268
1270
1278
1279
1281
1285
1286
1289
1290
1293
1295
1297
1298
1300
1301
1302
1304
1307
1309
1312
1313
1314
1323
1325
1326
1328
1331
1336
1338
1339
1340
1344
1348
1351
1352
1356
1357
1358
1360
1361
1362
1364
1365
1367
1370
1371
1373
1376
1379
1380
1382
1383
1384
1385
1387
1388
1390
1395
1396
1400
1401
1402
1406
1409
1412
1413
1416
1417
1421
1428
1429
1431
1433
1434
1435
1441
1442
1444
1451
1453
1455
1457
1461
1462
1463
1465
1469
1470
1471
1473
1474
1478
1481
1484
1485
1489
1490
1492
1494
1506
1507
1510
1511
1512
1513
1515
1516
1520
1524
1525
1528
1532
1533
1542
1544
1546
1549
1550
1551
1554
1556
1562
1564
1567
1568
1571
1575
1577
1580
1581
1585
1586
1587
1589
1592
1593
1594
1595
1596
1604
1606
1607
1608
1610
1611
1612
1614
1620
1621
1624
1625
1627
1629
1636
1638
1641
1643
1644
1645
1647
1648
1649
1650
1651
1652
1653
1656
1657
1662
1664
1665
1666
1668
1669
1676
1679
1683
1684
1685
1686
1690
1698
1699
1700
1702
1703
1705
1708
1721
1722
1723
1724
1728
1729
1732
1733
1737
1738
1740
1742
1744
1747
1750
1751
1753
1756
1758
1759
1760
1763
1765
1767
1768
1770
1773
1775
1776
1777
1779
1780
1790
1791
1792
1796
1799
1801
1805
1807
1810
1815
1816
1817
1818
1820
1821
1824
1828
1829
1830
1831
1832
1833
1840
1841
1842
1843
1844
1846
1848
1849
1851
1852
1856
1857
1858
1861
1863
1866
1868
1870
1872
1873
1878
1880
1883
1885
1888
1889
1890
1891
1893
1895
1896
1897
1900
1907
1909
1910
1911
1912
1914
1916
1919
1922
1923
1927
1928
1930
1932
1936
1938
1941
1942
1943
1949
1950
1953
1956
1958
1960
1962
1963
1964
1965
1975
1976
1979
1980
1984
1985
1986
1988
1991
1992
1995
1996
2000
2005
2006
2009
2012
2013
2014
2016
2021
2026
2030
2031
2033
2034
2036
2037
2039
2040
2042
2045
2046
2048
2049
2061
2069
2071
2073
2076
2079
2081
2082
2086
2090
2091
2092
2094
2095
2097
2098
2101
2102
2103
2107
2110
2112
2113
2114
2116
2119
2120
2121
2122
2124
2125
2126
2127
2129
2136
2138
2142
2145
2148
2150
2153
2154
2156
2157
2165
2166
2168
2169
2170
2172
2174
2179
2180
2182
2183
2186
2188
2189
2199
2200
2202
2204
2208
2209
2216
2219
2221
2225
2228
2230
2231
2233
2235
2238
2239
2245
2248
2249
2250
2255
2262
2266
2269
2275
2277
2279
2285
2286
2290
2291
2294
2295
2297
2310
2315
2319
2320
2322
2324
2325
2327
2328
2331
2334
2336
2340
2342
2345
2346
2348
2349
2350
2352
2356
2357
2359
2362
2366
2367
2370
2371
2378
2381
2382
2384
2385
2386
2387
2388
2389
2391
2393
2396
2397
2399
2401
2402
2405
2406
2408
2412
2413
2414
2415
2417
2419
2421
2422
2426
2430
2434
2435
2436
2438
2442
2443
2445
2447
2450
2454
2455
2459
2461
2462
2463
2464
2465
2467
2469
2473
2476
2480
2483
2484
2485
2487
2490
2494
2496
2499
2500
2501
2506
2507
2509
2510
2512
2513
2515
2517
2518
2519
2522
2527
2529
2530
2535
2537
2538
2539
2541
2545
2549
2551
2552
2554
2557
2558
2560
2561
2562
2563
2568
2572
2574
2581
2582
2588
2591
2592
2597
2598
2599
2603
2604
2607
2609
2612
2615
2616
2617
2621
2622
2623
2624
2625
2626
2627
2631
2641
2643
2646
2647
2649
2650
2651
2652
2654
2655
2656
2663
2665
2668
2669
2670
2672
2675
2676
2679
2680
2682
2685
2688
2690
2692
2693
2694
2695
2696
2702
2704
2705
2706
2707
2709
2716
2718
2719
2720
2721
2725
2727
2729
2730
2734
2739
2740
2749
2752
2758
2759
2762
2765
2766
2767
2768
2770
2771
2776
2777
2783
2785
2788
2789
2790
2794
2796
2797
2806
2807
2809
2812
2813
2815
2818
2820
2821
2822
2826
2827
2828
2830
2831
2835
2838
2842
2843
2845
2848
2849
2855
2856
2858
2859
2863
2865
2867
2871
2875
2878
2880
2883
2884
2892
2895
2903
2905
2907
2908
2911
2915
2918
2919
2921
2926
2927
2929
2930
2931
2933
2934
2940
2943
2945
2949
2950
2952
2953
2955
2957
2960
2961
2962
2963
2965
2966
2969
2970
2972
2973
2975
2985
2988
2989
2991
2998
3005
3006
3008
3009
3010
3012
3014
3016
3019
3021
3026
3028
3029
3038
3039
3042
3047
3049
3050
3052
3059
3061
3062
3063
3065
3072
3078
3081
3085
3086
3089
3090
3091
3092
3094
3095
3101
3102
3103
3106
3107
3112
3113
3114
3118
3119
3120
3121
3122
3123
3128
3130
3132
3133
3134
3139
3141
3142
3143
3146
3152
3153
3156
3164
3165
3166
3167
3169
3171
3180
3186
3190
3192
3194
3197
3198
3200
3204
3209
3210
3213
3214
3220
3221
3224
3227
3228
3229
3233
3234
3235
3237
3241
3242
3246
3250
3252
3253
3254
3256
3257
3258
3259
3261
3268
3269
3275
3276
3277
3278
3279
3280
3287
3288
3293
3294
3296
3301
3302
3303
3304
3305
3308
3312
3313
3315
3316
3319
3320
3321
3323
3326
3332
3333
3335
3338
3340
3343
3345
3350
3351
3354
3355
3356
3358
3359
3361
3364
3369
3372
3376
3377
3378
3380
3383
3386
3387
3388
3393
3394
3399
3404
3415
3416
3417
3418
3420
3421
3422
3423
3425
3428
3430
3436
3437
3438
3442
3444
3448
3450
3451
3453
3454
3458
3459
3463
3464
3465
3466
3467
3468
3470
3471
3472
3473
3475
3476
3477
3480
3481
3482
3483
3485
3486
3487
3491
3492
3495
3497
3499
3500
3501
3502
3503
3505
3506
3510
3511
3515
3518
3521
3523
3530
3531
3533
3537
3542
3544
3546
3550
3551
3552
3558
3560
3563
3565
3567
3569
3571
3575
3577
3580
3585
3594
3597
3604
3606
3607
3610
3617
3619
3623
3624
3626
3628
3630
3633
3636
3637
3638
3646
3649
3651
3652
3653
3657
3658
3659
3660
3661
3662
3663
3665
3667
3670
3674
3676
3677
3678
3679
3683
3686
3688
3689
3691
3700
3702
3703
3712
3714
3715
3716
3717
3720
3721
3723
3724
3725
3728
3732
3733
3734
3736
3737
3741
3743
3746
3750
3752
3753
3756
3758
3760
3762
3765
3766
3768
3770
3773
3775
3778
3779
3780
3781
3783
3786
3789
3792
3794
3795
3796
3797
3798
3801
3804
3805
3806
3810
3816
3818
3829
3830
3831
3833
3834
3836
3837
3838
3848
3850
3852
3855
3859
3860
3861
3863
3866
3869
3874
3879
3881
3885
3886
3887
3889
3890
3893
3894
3895
3896
3897
3898
3900
3901
3904
3905
3907
3908
3913
3915
3916
3918
3919
3921
3922
3925
3926
3930
3932
3935
3937
3941
3944
3946
3948
3950
3951
3952
3953
3954
3956
3957
3969
3972
3975
3981
3983
3995
3999
4000
4001
4003
4008
4009
4015
4016
4017
4023
4026
4027
4033
4035
4036
4037
4040
4041
4042
4043
4045
4046
4047
4050
4054
4057
4060
4061
4062
4063
4064
4066
4067
4072
4073
4078
4079
4082
4083
4092
4093
4094
4101
4104
4107
4108
4110
4113
4118
4121
4124
4125
4128
4129
4131
4132
4134
4138
4139
4141
4142
4144
4146
4148
4150
4153
4157
4158
4162
4165
4166
4167
4168
4170
4174
4175
4182
4185
4188
4189
4190
4193
4195
4200
4201
4204
4206
4207
4208
4211
4214
4218
4219
4220
4222
4225
4229
4230
4231
4232
4235
4243
4244
4246
4250
4256
4260
4261
4268
4270
4275
4276
4278
4282
4283
4288
4289
4293
4297
4302
4303
4305
4309
4313
4315
4316
4317
4321
4323
4324
4325
4327
4328
4329
4331
4339
4340
4344
4346
4347
4348
4349
4351
4352
4353
4357
4360
4361
4362
4365
4366
4369
4372
4378
4381
4382
4383
4385
4386
4388
4389
4391
4395
4397
4403
4404
4408
4415
4416
4421
4422
4423
4425
4428
4433
4434
4435
4436
4437
4443
4445
4446
4447
4449
4455
4460
4464
4467
4468
4470
4471
4472
4481
4483
4484
4485
4486
4488
4490
4493
4494
4495
4497
4498
4499
4503
4506
4507
4508
4509
4513
4516
4519
4520
4521
4522
4525
4526
4527
4530
4532
4533
4534
4536
4540
4541
4542
4544
4549
4553
4554
4555
4564
4565
4568
4569
4570
4573
4574
4575
4576
4580
4582
4584
4586
4589
4590
4591
4594
4597
4598
4599
4602
4603
4605
4611
4613
4614
4615
4619
4623
4624
4625
4637
4640
4641
4644
4645
4648
4649
4650
4652
4653
4654
4657
4658
4660
4664
4665
4669
4673
4675
4678
4679
4680
4681
4683
4687
4689
4691
4693
4694
4696
4697
4701
4703
4707
4711
4718
4721
4722
4724
4727
4728
4733
4735
4736
4737
4738
4739
4740
4741
4742
4743
4746
4747
4748
4749
4752
4755
4763
4765
4766
4767
4774
4775
4777
4778
4782
4783
4784
4785
4787
4791
4792
4794
4796
4798
4799
4800
4801
4807
4808
4809
4810
4812
4819
4822
4826
4829
4830
4832
4834
4835
4840
4843
4844
4848
4851
4852
4853
4855
4856
4857
4858
4860
4861
4862
4867
4869
4870
4871
4874
4875
4878
4887
4888
4890
4892
4897
4898
4903
4905
4908
4910
4912
4913
4915
4917
4919
4921
4924
4925
4931
4935
4940
4944
4945
4946
4947
4948
4950
4951
4953
4956
4957
4958
4959
4963
4965
4966
4976
4977
4979
4982
4984
4990
4991
5000
