1
2
3
4
7
10
11
12
14
15
16
17
18
19
22
23
24
26
27
28
31
32
33
35
38
39
40
44
46
47
48
49
50
52
55
57
59
60
61
62
63
64
65
66
67
68
71
72
75
76
77
78
79
83
84
87
88
89
91
92
93
96
98
100
101
103
105
107
108
109
110
111
112
113
114
115
116
117
118
119
122
124
125
127
130
131
132
133
134
136
138
141
142
145
146
147
148
149
150
151
152
155
156
157
158
160
162
163
165
167
168
170
171
172
173
174
178
181
182
184
185
186
187
189
190
191
192
193
195
196
197
199
200
203
204
206
207
210
211
213
214
218
219
221
223
227
229
230
231
232
233
238
239
240
242
245
246
251
253
255
256
257
258
259
261
263
265
266
267
270
271
272
273
274
275
276
277
278
281
284
285
286
287
289
292
295
296
297
298
299
300
301
302
303
304
305
306
308
310
311
312
313
314
316
317
319
320
323
324
325
326
327
330
331
333
334
339
340
341
343
345
347
348
349
350
354
355
359
360
361
362
364
366
367
368
369
370
372
373
375
377
378
380
382
384
385
386
388
390
391
393
394
395
396
397
398
399
400
402
405
407
409
410
411
414
415
416
417
418
419
420
421
422
423
426
429
430
433
434
435
437
438
439
440
441
442
445
446
448
449
451
452
453
455
460
462
464
466
467
469
470
471
472
473
474
475
476
477
478
479
482
483
484
485
486
487
488
489
490
491
492
495
498
501
502
503
505
506
509
511
512
518
521
524
526
531
534
535
537
540
541
542
544
545
547
548
549
550
552
553
555
556
559
560
563
566
568
569
570
571
574
580
581
582
583
585
586
588
590
593
594
596
597
600
601
602
604
605
606
607
608
611
615
621
622
623
625
626
627
628
631
632
634
635
638
640
641
643
647
648
649
650
651
653
655
659
660
664
665
667
672
675
676
680
681
682
683
685
686
688
691
692
695
696
700
703
705
710
711
713
715
717
719
722
723
727
728
729
734
735
736
738
739
741
744
746
747
749
750
753
754
756
762
763
764
767
769
772
775
776
777
778
779
780
781
782
783
785
787
788
790
791
793
794
796
798
800
801
803
804
805
806
807
808
809
812
814
815
818
820
823
826
827
828
829
830
832
833
835
836
840
846
848
849
850
852
853
857
858
860
861
866
869
872
873
875
876
877
878
879
880
882
883
885
886
887
892
893
894
895
898
899
900
902
904
906
907
908
910
913
914
915
917
918
919
921
922
924
926
932
935
936
937
938
941
943
946
949
950
952
955
956
957
958
959
961
962
963
964
966
968
969
970
971
972
973
976
978
979
980
981
982
985
986
987
989
990
993
995
996
997
998
999
1001
1002
1003
1005
1006
1009
1013
1016
1018
1020
1021
1022
1023
1026
1027
1028
1031
1033
1036
1037
1038
1040
1042
1043
1044
1045
1046
1047
1048
1050
1051
1053
1056
1057
1063
1064
1065
1070
1071
1077
1078
1080
1083
1085
1086
1087
1089
1091
1093
1094
1096
1097
1099
1100
1101
1102
1103
1104
1105
1107
1108
1109
1110
1111
1113
1114
1115
1117
1119
1121
1122
1123
1124
1125
1127
1129
1132
1134
1136
1140
1142
1143
1145
1147
1148
1149
1150
1153
1154
1155
1156
1157
1158
1161
1162
1163
1164
1165
1166
1169
1171
1174
1176
1178
1179
1184
1185
1189
1191
1192
1194
1195
1196
1197
1198
1199
1201
1202
1203
1204
1205
1206
1207
1208
1209
1211
1213
1216
1217
1220
1221
1222
1223
1224
1225
1226
1227
1230
1231
1233
1234
1236
1238
1239
1240
1242
1243
1245
1247
1249
1250
1251
1252
1253
1254
1258
1259
1261
1263
1264
1265
1266
1267
1269
1270
1271
1273
1274
1275
1276
1278
1279
1280
1282
1285
1287
1289
1290
1295
1297
1302
1304
1305
1306
1307
1309
1310
1311
1312
1313
1315
1316
1319
1321
1322
1326
1328
1329
1331
1334
1336
1340
1342
1343
1344
1348
1350
1351
1353
1354
1358
1360
1361
1362
1364
1366
1367
1369
1370
1371
1372
1373
1374
1375
1376
1378
1379
1380
1381
1383
1384
1385
1386
1389
1390
1394
1395
1396
1397
1398
1399
1400
1402
1404
1405
1408
1409
1410
1413
1416
1417
1418
1420
1421
1425
1426
1427
1429
1431
1432
1433
1434
1435
1436
1437
1438
1439
1440
1442
1443
1444
1446
1448
1449
1451
1453
1454
1457
1461
1463
1465
1466
1467
1469
1470
1471
1473
1474
1475
1478
1479
1480
1481
1483
1489
1490
1492
1494
1495
1496
1499
1503
1510
1511
1512
1514
1515
1518
1519
1521
1523
1524
1525
1526
1528
1529
1530
1531
1533
1534
1536
1537
1538
1541
1545
1546
1547
1548
1550
1551
1554
1555
1556
1557
1558
1559
1560
1562
1563
1564
1565
1566
1567
1570
1571
1572
1573
1575
1576
1577
1579
1580
1582
1583
1585
1587
1591
1592
1593
1594
1595
1596
1600
1602
1606
1607
1608
1609
1611
1612
1614
1617
1619
1620
1621
1622
1624
1625
1626
1627
1629
1630
1631
1633
1634
1635
1636
1638
1642
1643
1644
1645
1646
1648
1649
1654
1656
1657
1662
1664
1665
1670
1672
1674
1675
1676
1677
1679
1680
1684
1685
1686
1690
1694
1697
1698
1699
1702
1703
1705
1711
1712
1716
1717
1720
1721
1724
1725
1727
1728
1732
1733
1736
1737
1738
1740
1741
1743
1744
1746
1747
1750
1751
1752
1753
1756
1758
1759
1760
1762
1763
1765
1766
1767
1768
1769
1772
1773
1774
1775
1776
1783
1784
1787
1790
1792
1794
1796
1797
1799
1801
1802
1803
1804
1805
1806
1807
1809
1811
1813
1814
1815
1819
1821
1823
1825
1826
1827
1828
1830
1831
1832
1833
1834
1835
1836
1837
1839
1840
1841
1843
1844
1845
1846
1849
1850
1851
1852
1854
1856
1857
1858
1859
1860
1861
1862
1863
1865
1866
1867
1868
1869
1870
1871
1872
1873
1877
1878
1880
1883
1884
1887
1888
1889
1890
1891
1892
1893
1896
1897
1898
1899
1901
1902
1904
1905
1906
1907
1908
1909
1912
1913
1914
1916
1919
1921
1922
1923
1924
1925
1926
1930
1932
1935
1937
1938
1940
1941
1942
1943
1944
1946
1948
1949
1951
1953
1954
1955
1956
1958
1961
1962
1965
1967
1968
1971
1972
1974
1976
1980
1982
1984
1987
1988
1990
1991
1994
1995
1999
2000
2001
2003
2005
2007
2008
2009
2012
2013
2015
2016
2018
2020
2022
2023
2024
2026
2028
2031
2032
2034
2036
2037
2039
2042
2043
2044
2045
2047
2050
2051
2055
2056
2057
2061
2062
2064
2066
2067
2068
2070
2073
2075
2076
2077
2079
2082
2083
2084
2086
2087
2088
2089
2090
2094
2095
2097
2098
2099
2100
2101
2102
2103
2105
2106
2107
2109
2111
2112
2113
2114
2115
2118
2120
2121
2122
2124
2125
2126
2129
2131
2133
2136
2137
2138
2139
2141
2142
2144
2145
2147
2148
2149
2153
2154
2155
2156
2157
2158
2160
2161
2162
2163
2164
2165
2167
2169
2170
2171
2172
2174
2175
2177
2178
2179
2181
2182
2183
2186
2188
2190
2199
2204
2205
2206
2209
2210
2211
2213
2214
2216
2217
2219
2223
2224
2225
2228
2231
2234
2236
2237
2238
2239
2240
2241
2242
2244
2245
2248
2249
2252
2253
2254
2255
2256
2259
2262
2263
2264
2265
2266
2269
2270
2272
2274
2275
2279
2280
2281
2282
2283
2285
2286
2289
2293
2294
2295
2296
2297
2298
2299
2300
2301
2306
2307
2308
2310
2311
2316
2317
2318
2319
2320
2321
2322
2323
2326
2327
2328
2330
2332
2333
2339
2340
2341
2342
2343
2345
2346
2349
2350
2353
2355
2356
2357
2358
2359
2360
2362
2363
2366
2367
2368
2373
2376
2381
2382
2383
2384
2385
2386
2387
2388
2389
2391
2392
2393
2394
2395
2398
2399
2400
2404
2405
2409
2411
2414
2417
2418
2419
2421
2422
2423
2424
2425
2427
2428
2430
2431
2432
2435
2436
2437
2438
2441
2442
2443
2445
2447
2448
2450
2454
2456
2457
2461
2462
2465
2466
2467
2470
2473
2474
2478
2479
2480
2481
2482
2483
2484
2485
2486
2487
2490
2492
2493
2495
2496
2497
2498
2504
2505
2506
2507
2508
2512
2513
2514
2516
2517
2518
2519
2520
2523
2526
2527
2528
2530
2531
2532
2536
2538
2539
2541
2542
2543
2544
2545
2546
2547
2548
2549
2551
2552
2554
2556
2558
2559
2560
2561
2562
2563
2565
2567
2568
2569
2570
2571
2572
2573
2575
2576
2577
2580
2581
2582
2583
2587
2589
2590
2592
2593
2595
2597
2598
2599
2600
2602
2604
2605
2606
2607
2609
2610
2615
2616
2617
2618
2619
2620
2621
2622
2623
2624
2628
2631
2632
2641
2642
2643
2645
2648
2650
2651
2652
2653
2664
2665
2666
2668
2669
2671
2673
2674
2675
2676
2679
2682
2683
2685
2686
2687
2689
2690
2691
2692
2693
2695
2697
2698
2699
2700
2701
2704
2705
2706
2707
2709
2710
2712
2716
2717
2720
2721
2722
2723
2724
2725
2726
2727
2728
2730
2731
2732
2734
2735
2736
2737
2738
2739
2740
2744
2745
2746
2747
2749
2750
2751
2757
2760
2761
2763
2769
2770
2771
2772
2775
2776
2777
2784
2785
2788
2790
2791
2793
2794
2796
2798
2801
2802
2806
2808
2809
2810
2812
2813
2814
2815
2817
2818
2820
2821
2823
2825
2826
2831
2832
2833
2834
2835
2837
2839
2842
2843
2845
2846
2847
2850
2851
2852
2854
2855
2859
2862
2863
2866
2867
2868
2869
2871
2872
2873
2874
2875
2878
2881
2884
2885
2887
2889
2890
2891
2892
2893
2899
2901
2902
2903
2906
2908
2910
2913
2915
2916
2917
2918
2921
2922
2923
2924
2926
2928
2929
2930
2931
2933
2935
2936
2938
2939
2940
2941
2942
2943
2944
2945
2946
2947
2948
2949
2950
2951
2952
2953
2955
2956
2957
2958
2959
2960
2961
2962
2963
2964
2965
2971
2973
2974
2975
2976
2979
2981
2984
2987
2988
2989
2992
2994
2995
2997
2998
3000
3001
3003
3005
3007
3008
3009
3011
3014
3016
3018
3019
3022
3026
3028
3029
3030
3031
3034
3036
3038
3039
3040
3041
3042
3044
3048
3049
3050
3052
3053
3054
3058
3059
3060
3063
3065
3066
3067
3069
3073
3075
3077
3078
3085
3086
3087
3089
3091
3092
3094
3095
3097
3100
3101
3103
3107
3109
3111
3112
3113
3114
3116
3118
3119
3121
3122
3123
3125
3130
3131
3132
3133
3135
3139
3141
3142
3143
3144
3146
3148
3149
3150
3152
3153
3155
3156
3157
3158
3159
3162
3164
3167
3171
3172
3174
3176
3178
3180
3181
3182
3184
3185
3186
3189
3190
3191
3192
3193
3194
3196
3197
3199
3200
3203
3204
3205
3206
3207
3209
3210
3211
3213
3214
3215
3217
3219
3220
3223
3224
3225
3227
3228
3229
3230
3232
3234
3235
3237
3238
3239
3240
3242
3243
3244
3245
3246
3247
3249
3250
3251
3252
3253
3256
3258
3259
3261
3262
3263
3265
3267
3268
3269
3270
3271
3272
3273
3274
3275
3276
3277
3278
3280
3281
3285
3286
3288
3289
3290
3291
3293
3295
3298
3299
3301
3304
3308
3310
3312
3313
3315
3316
3317
3320
3321
3322
3323
3325
3326
3331
3334
3337
3338
3340
3343
3344
3345
3346
3347
3350
3351
3354
3355
3356
3358
3359
3361
3364
3365
3369
3373
3374
3375
3376
3377
3378
3381
3382
3389
3390
3391
3393
3394
3395
3399
3402
3403
3404
3405
3407
3409
3410
3411
3414
3415
3416
3418
3420
3421
3422
3426
3428
3429
3430
3431
3432
3433
3435
3436
3439
3440
3441
3442
3444
3446
3448
3449
3450
3451
3453
3457
3458
3459
3460
3461
3463
3464
3465
3466
3467
3468
3469
3471
3473
3477
3479
3480
3481
3482
3485
3486
3488
3490
3495
3496
3497
3499
3500
3501
3502
3504
3505
3509
3510
3513
3516
3519
3520
3521
3524
3525
3526
3529
3530
3531
3532
3533
3535
3538
3539
3541
3542
3543
3544
3545
3548
3550
3551
3552
3554
3556
3562
3563
3564
3567
3568
3569
3570
3571
3575
3576
3578
3579
3583
3584
3585
3590
3591
3594
3596
3599
3601
3603
3604
3605
3606
3607
3609
3610
3615
3617
3618
3620
3621
3623
3624
3626
3627
3628
3630
3631
3632
3633
3634
3635
3636
3637
3642
3646
3647
3648
3649
3650
3651
3652
3653
3656
3657
3658
3659
3660
3661
3662
3663
3664
3665
3667
3668
3669
3671
3672
3674
3675
3677
3682
3684
3685
3687
3689
3691
3693
3694
3695
3700
3701
3703
3704
3705
3706
3709
3710
3711
3713
3714
3715
3716
3717
3720
3721
3722
3723
3725
3726
3728
3729
3730
3731
3732
3734
3735
3736
3737
3738
3739
3741
3743
3749
3750
3751
3754
3755
3756
3759
3760
3763
3765
3766
3767
3768
3769
3770
3778
3779
3780
3782
3783
3785
3787
3788
3789
3790
3792
3794
3795
3796
3798
3802
3803
3804
3805
3806
3808
3809
3813
3814
3817
3820
3824
3825
3827
3828
3830
3833
3834
3836
3837
3838
3841
3850
3851
3852
3853
3855
3858
3859
3860
3861
3862
3869
3870
3871
3873
3876
3877
3879
3880
3881
3882
3883
3885
3887
3888
3889
3891
3893
3895
3896
3897
3898
3900
3903
3904
3905
3906
3907
3910
3912
3913
3914
3916
3917
3918
3920
3922
3923
3924
3925
3926
3929
3931
3932
3934
3935
3938
3940
3942
3945
3946
3947
3948
3949
3951
3952
3953
3957
3958
3960
3962
3963
3964
3965
3966
3968
3969
3970
3971
3972
3973
3975
3980
3981
3982
3983
3984
3985
3987
3988
3992
3994
3995
3996
3999
4000
4002
4004
4006
4007
4008
4009
4011
4014
4015
4016
4017
4020
4021
4023
4024
4025
4026
4027
4029
4033
4034
4035
4036
4037
4041
4042
4043
4044
4045
4046
4048
4049
4051
4052
4053
4054
4057
4060
4062
4063
4064
4065
4066
4067
4069
4072
4074
4075
4076
4078
4084
4085
4087
4088
4090
4091
4092
4093
4094
4095
4098
4100
4101
4103
4107
4110
4112
4113
4114
4115
4116
4118
4119
4120
4121
4122
4124
4128
4131
4132
4135
4138
4139
4140
4143
4144
4147
4148
4152
4153
4154
4155
4156
4157
4158
4159
4160
4161
4164
4165
4170
4171
4175
4176
4177
4178
4181
4182
4185
4187
4188
4192
4194
4197
4199
4200
4201
4202
4204
4205
4207
4208
4209
4210
4212
4214
4215
4218
4219
4220
4222
4224
4225
4226
4228
4229
4230
4233
4234
4235
4236
4237
4238
4242
4243
4244
4245
4246
4247
4250
4253
4255
4256
4257
4258
4260
4262
4267
4272
4273
4276
4277
4279
4283
4285
4287
4288
4289
4291
4292
4293
4294
4295
4296
4297
4298
4299
4300
4301
4302
4305
4306
4307
4309
4310
4320
4324
4325
4328
4329
4331
4333
4334
4336
4337
4338
4339
4340
4341
4343
4344
4345
4346
4347
4348
4349
4350
4352
4353
4355
4357
4358
4361
4364
4365
4366
4369
4371
4372
4375
4376
4378
4380
4382
4383
4385
4388
4389
4391
4392
4393
4394
4397
4398
4399
4400
4401
4403
4405
4406
4408
4410
4414
4415
4416
4418
4419
4420
4422
4423
4424
4425
4426
4427
4428
4429
4430
4431
4435
4437
4440
4443
4444
4445
4446
4447
4448
4450
4451
4452
4455
4456
4460
4461
4462
4464
4466
4468
4470
4471
4472
4474
4475
4476
4478
4479
4481
4484
4485
4486
4488
4490
4491
4494
4497
4498
4499
4501
4502
4503
4504
4506
4507
4509
4511
4512
4514
4515
4516
4517
4519
4520
4521
4522
4523
4525
4526
4527
4528
4533
4534
4535
4539
4540
4541
4542
4545
4547
4548
4549
4553
4554
4560
4562
4565
4566
4570
4572
4573
4574
4575
4577
4578
4580
4581
4582
4584
4585
4587
4588
4589
4590
4592
4594
4596
4597
4599
4601
4603
4605
4607
4608
4611
4613
4614
4615
4617
4619
4622
4624
4625
4627
4629
4632
4634
4635
4637
4638
4639
4640
4644
4645
4646
4648
4649
4650
4651
4652
4656
4657
4659
4660
4662
4663
4664
4665
4666
4672
4673
4675
4676
4677
4678
4679
4680
4682
4683
4684
4688
4689
4691
4693
4694
4695
4697
4698
4699
4700
4701
4704
4706
4711
4713
4714
4716
4717
4718
4720
4721
4722
4723
4725
4727
4729
4731
4733
4734
4735
4736
4737
4738
4739
4740
4741
4742
4743
4745
4746
4748
4751
4752
4758
4759
4761
4763
4764
4765
4766
4767
4768
4770
4772
4773
4774
4775
4777
4778
4784
4785
4786
4788
4791
4795
4796
4798
4800
4801
4803
4806
4807
4808
4809
4811
4812
4813
4814
4815
4818
4822
4825
4827
4828
4829
4830
4831
4832
4834
4835
4836
4837
4838
4839
4840
4841
4844
4847
4848
4850
4851
4853
4855
4857
4858
4861
4863
4864
4865
4866
4867
4869
4870
4871
4872
4873
4875
4876
4878
4880
4881
4886
4888
4889
4891
4893
4895
4896
4897
4898
4900
4901
4902
4903
4904
4905
4906
4908
4910
4912
4913
4914
4916
4917
4918
4921
4923
4924
4925
4927
4928
4931
4932
4935
4936
4938
4939
4940
4942
4943
4944
4945
4946
4947
4948
4949
4950
4951
4952
4953
4957
4958
4959
4960
4963
4964
4965
4966
4967
4969
4973
4974
4977
4979
4986
4987
4988
4990
4991
4992
4993
4994
4998
5000
